0.113040	
0.112054	
0.111627	
0.111954	
0.112297	
0.111632	
0.112312	
0.111853	
0.112903	
0.113520	
0.112246	
0.112046	
0.110845	
0.112874	
0.112139	
0.112004	
0.110918	
0.112851	
0.114061	
0.111178	
0.111536	
0.113234	
0.111899	
0.112780	
0.111413	
0.110562	
0.111312	
0.110751	
0.112686	
0.112907	
0.111724	
0.111194	
0.112160	
0.112086	
0.111560	
0.111666	
0.112929	
0.115163	
0.112362	
0.111590	
0.111085	
0.113459	
0.112063	
0.111220	
0.112752	
0.111852	
0.111971	
0.110395	
0.112932	
0.112322	
#0.100000	0.112118	50	0
